##TITLE= Parameter file, TopSpin 4.0.7
##JCAMPDX= 5.0
##DATATYPE= Parameter Values
##NPOINTS= 1	$$ modification sequence number
##ORIGIN= Bruker BioSpin GmbH
##OWNER= ek3044
$$ 2020-04-29 10:00:23.788 -0400  ek3044@nitro.chem.columbia.edu
$$ /opt/nmrdata/ek3044/202003_egk/84/pdata/1/clevels
$$ process /opt/topspin4.0.7/prog/mod/edparproc
##$LEVELS= (0..255)
-3875952563.2 -2981501971.7 -2293463055.1 -1764202350.1 -1357078730.8 -1043906716
-803005166.2 -617696281.7 -475150985.9 -365500758.4 -281154429.5 -216272638.1
216272638.1 281154429.5 365500758.4 475150985.9 617696281.7 803005166.2
1043906716 1357078730.8 1764202350.1 2293463055.1 2981501971.7 3875952563.2
0 0 0 0 0 0 0 0 0 0 0 0 0 0 0 0 0 0 0 0 0 0 0 0 0 0 0 0 0 0 0 0 0 0 0 0
0 0 0 0 0 0 0 0 0 0 0 0 0 0 0 0 0 0 0 0 0 0 0 0 0 0 0 0 0 0 0 0 0 0 0 0
0 0 0 0 0 0 0 0 0 0 0 0 0 0 0 0 0 0 0 0 0 0 0 0 0 0 0 0 0 0 0 0 0 0 0 0
0 0 0 0 0 0 0 0 0 0 0 0 0 0 0 0 0 0 0 0 0 0 0 0 0 0 0 0 0 0 0 0 0 0 0 0
0 0 0 0 0 0 0 0 0 0 0 0 0 0 0 0 0 0 0 0 0 0 0 0 0 0 0 0 0 0 0 0 0 0 0 0
0 0 0 0 0 0 0 0 0 0 0 0 0 0 0 0 0 0 0 0 0 0 0 0 0 0 0 0 0 0 0 0 0 0 0 0
0 0 0 0 0 0 0 0 0 0 0 0 0 0 0 0
##$LEVSIGN= 3
##$MAXLEV= 12
##$METHOD= 0
##$NEGBASE= -216272638.1
##$NEGINCR= 1.3
##$POSBASE= 216272638.1
##$POSINCR= 1.3
##END=
